0.000311 0.999689
0.000341 0.999659
0.992191 0.007809
0.996041 0.003959
0.993079 0.006921
0.000040 0.999960
0.996357 0.003643
0.994000 0.006000
0.995990 0.004010
0.000214 0.999786
0.995886 0.004114
0.000018 0.999982
0.003557 0.996443
0.995756 0.004244
0.000523 0.999477
0.995988 0.004012
0.002644 0.997356
0.992843 0.007157
0.000379 0.999621
0.000580 0.999420
0.996328 0.003672
0.002343 0.997657
0.996485 0.003515
0.994892 0.005108
0.996467 0.003533
0.000049 0.999951
0.995582 0.004418
0.000020 0.999980
0.000052 0.999948
0.000031 0.999969
0.000328 0.999672
0.995994 0.004005
0.001184 0.998816
0.876499 0.123501
0.995529 0.004471
0.995952 0.004048
0.000018 0.999982
0.000032 0.999968
0.000968 0.999032
0.996036 0.003964
0.066724 0.933276
0.074521 0.925479
0.000046 0.999954
0.000021 0.999979
0.996080 0.003920
0.000066 0.999934
0.995908 0.004092
0.996718 0.003282
0.001532 0.998468
0.995987 0.004013
0.994855 0.005145
0.995974 0.004026
0.996305 0.003695
0.000766 0.999234
0.000028 0.999972
0.000016 0.999984
0.996397 0.003603
0.996005 0.003995
0.995760 0.004240
0.989453 0.010547
0.995163 0.004837
0.995684 0.004316
0.000052 0.999948
0.995984 0.004016
0.996086 0.003914
0.982955 0.017045
0.002415 0.997585
0.996231 0.003769
0.995875 0.004125
0.993683 0.006317
0.000068 0.999932
0.002896 0.997104
0.995986 0.004014
0.996812 0.003188
0.000034 0.999966
0.000043 0.999957
0.266741 0.733259
0.995555 0.004445
0.996891 0.003109
0.000016 0.999984
0.000510 0.999490
0.995443 0.004557
0.996141 0.003860
0.992918 0.007082
0.000018 0.999982
0.991458 0.008543
0.000044 0.999956
0.995468 0.004532
0.990309 0.009691
0.996085 0.003915
0.000496 0.999504
0.000016 0.999984
0.996427 0.003573
0.995576 0.004424
0.996016 0.003984
0.000893 0.999107
0.996295 0.003705
0.996122 0.003878
0.002100 0.997900
0.000175 0.999825
0.000022 0.999978
0.995862 0.004138
0.000034 0.999966
0.996510 0.003490
0.996167 0.003833
0.000047 0.999953
0.995817 0.004183
0.995983 0.004017
0.000019 0.999981
0.022553 0.977447
0.996778 0.003222
0.996464 0.003536
0.073858 0.926142
0.996472 0.003528
0.989711 0.010289
0.000016 0.999984
0.996494 0.003506
0.001311 0.998689
0.995983 0.004017
0.995985 0.004015
0.996480 0.003520
0.995971 0.004029
0.995993 0.004006
0.000296 0.999704
0.000022 0.999978
0.995589 0.004411
0.995986 0.004014
0.000026 0.999974
0.995986 0.004014
0.995986 0.004014
0.000318 0.999682
0.001174 0.998826
0.000018 0.999982
0.000096 0.999904
0.996539 0.003461
0.993663 0.006337
0.000017 0.999983
0.000348 0.999652
0.996011 0.003989
0.995618 0.004382
0.995597 0.004403
0.994951 0.005049
0.001327 0.998673
0.995911 0.004089
0.000601 0.999399
0.009054 0.990947
0.994173 0.005827
0.983180 0.016820
0.141796 0.858204
0.023635 0.976365
0.996060 0.003940
0.000414 0.999586
0.995996 0.004004
0.995841 0.004159
0.000274 0.999726
0.996225 0.003775
0.996054 0.003946
0.995738 0.004262
0.000055 0.999945
0.000030 0.999970
0.000184 0.999816
0.002688 0.997312
0.984548 0.015452
0.000035 0.999965
0.995899 0.004101
0.028745 0.971255
0.005575 0.994425
0.000051 0.999949
0.005993 0.994007
0.000228 0.999772
0.995976 0.004024
0.996195 0.003805
0.000846 0.999154
0.000868 0.999132
0.996372 0.003628
0.000095 0.999905
0.996204 0.003796
0.000021 0.999979
0.000063 0.999937
0.000246 0.999754
0.001148 0.998852
0.996099 0.003901
0.000024 0.999976
0.000780 0.999220
0.004227 0.995773
0.000016 0.999984
0.000016 0.999984
0.000109 0.999891
0.002019 0.997981
0.000092 0.999908
0.000103 0.999897
0.996556 0.003444
0.996043 0.003957
0.995863 0.004137
0.996582 0.003418
0.993250 0.006750
0.995970 0.004030
0.996126 0.003874
0.000016 0.999984
0.000030 0.999970
0.996787 0.003213
0.001630 0.998370
0.341237 0.658763
0.000016 0.999984
0.000097 0.999903
0.959749 0.040251
0.129767 0.870233
0.996745 0.003255
0.995156 0.004844
0.000273 0.999727
0.001510 0.998490
0.149317 0.850683
0.995548 0.004453
0.995990 0.004010
0.000023 0.999977
0.000452 0.999548
0.991276 0.008724
0.996192 0.003808
0.995990 0.004010
0.995941 0.004059
0.000200 0.999801
0.995995 0.004005
0.003300 0.996700
0.000105 0.999895
0.995455 0.004545
0.995644 0.004356
0.015140 0.984860
0.000019 0.999981
0.995901 0.004099
0.986098 0.013902
0.995994 0.004006
0.000017 0.999983
0.000280 0.999720
0.004747 0.995253
0.000135 0.999865
0.978818 0.021182
0.995976 0.004024
0.996713 0.003287
0.000484 0.999516
0.995978 0.004022
0.995283 0.004717
0.995858 0.004142
0.004227 0.995773
0.023849 0.976151
0.974441 0.025559
0.995943 0.004057
0.000380 0.999619
0.996077 0.003923
0.996099 0.003901
0.000016 0.999984
0.996321 0.003679
0.065312 0.934688
0.996643 0.003357
0.000070 0.999930
0.995764 0.004236
0.996578 0.003422
0.996541 0.003459
0.000017 0.999983
0.000589 0.999411
0.000016 0.999984
0.996025 0.003975
0.996210 0.003790
0.995593 0.004407
0.015816 0.984184
0.018358 0.981642
0.996420 0.003580
0.996054 0.003946
0.000063 0.999937
0.000676 0.999324
0.001393 0.998607
0.031595 0.968405
0.995986 0.004014
0.001321 0.998679
0.000884 0.999116
0.000142 0.999858
0.995982 0.004018
0.996016 0.003984
0.000720 0.999280
0.996656 0.003344
0.995498 0.004502
0.000070 0.999931
0.000219 0.999781
0.996000 0.004000
0.996268 0.003732
0.000265 0.999735
0.152506 0.847494
0.995580 0.004420
0.404127 0.595872
0.000364 0.999637
0.995991 0.004009
0.000022 0.999978
0.995858 0.004142
0.569709 0.430291
0.575379 0.424621
0.048535 0.951465
0.000231 0.999769
0.077770 0.922230
0.002447 0.997553
0.996192 0.003808
0.995986 0.004014
0.995990 0.004010
0.000044 0.999956
0.930354 0.069646
0.000021 0.999979
0.000056 0.999944
0.996046 0.003953
0.096746 0.903254
0.000023 0.999977
0.995903 0.004097
0.994579 0.005421
0.988968 0.011032
0.000108 0.999892
0.000902 0.999098
0.995810 0.004190
0.995089 0.004911
0.993582 0.006418
0.992973 0.007027
0.995408 0.004592
0.000020 0.999980
0.995987 0.004013
0.000768 0.999233
0.028633 0.971367
0.000364 0.999636
0.000129 0.999871
0.000023 0.999977
0.996567 0.003433
0.996719 0.003281
0.000016 0.999984
0.000068 0.999932
0.995336 0.004664
0.819286 0.180714
0.011895 0.988105
0.000223 0.999777
0.000154 0.999846
0.995981 0.004019
0.000366 0.999634
0.002577 0.997423
0.000016 0.999984
0.996317 0.003683
0.000321 0.999679
0.000016 0.999984
0.996005 0.003995
0.000197 0.999803
0.000847 0.999153
0.991959 0.008041
0.186791 0.813209
0.047814 0.952186
0.000268 0.999732
0.083316 0.916684
0.000200 0.999800
0.995587 0.004413
0.995985 0.004015
0.000044 0.999956
0.000027 0.999973
0.000520 0.999480
0.995445 0.004555
0.994876 0.005124
0.996129 0.003871
0.996012 0.003988
0.994585 0.005415
0.995460 0.004540
0.698244 0.301756
0.995512 0.004488
0.001944 0.998056
0.000034 0.999966
0.995382 0.004618
0.001894 0.998106
0.000146 0.999854
0.996243 0.003757
0.996575 0.003425
0.995978 0.004022
0.994518 0.005482
0.995986 0.004014
0.994700 0.005300
0.000134 0.999866
0.008722 0.991278
0.996002 0.003998
0.995987 0.004013
0.004216 0.995784
0.000040 0.999960
0.996044 0.003956
0.996425 0.003575
0.995904 0.004096
0.995494 0.004506
0.768061 0.231939
0.000793 0.999207
0.000343 0.999657
0.000598 0.999402
0.996501 0.003499
0.996692 0.003308
0.000016 0.999984
0.051218 0.948782
0.995912 0.004088
0.963240 0.036760
0.995990 0.004010
0.996237 0.003763
0.995432 0.004568
0.995989 0.004011
0.995581 0.004419
0.995394 0.004606
0.995610 0.004390
0.000016 0.999984
0.996284 0.003716
0.000433 0.999567
0.995984 0.004016
0.000016 0.999984
0.002551 0.997449
0.995988 0.004012
0.995421 0.004579
0.995985 0.004015
0.000062 0.999938
0.996606 0.003394
0.995743 0.004257
0.996160 0.003840
0.996109 0.003891
0.002551 0.997449
0.995911 0.004089
0.995988 0.004012
0.990694 0.009306
0.996215 0.003785
0.000352 0.999648
0.011965 0.988035
0.996108 0.003892
0.000173 0.999827
0.996014 0.003986
0.002649 0.997351
0.994708 0.005292
0.001098 0.998902
0.794931 0.205069
0.995352 0.004648
0.996147 0.003853
0.000145 0.999855
0.000017 0.999983
0.995892 0.004108
0.995853 0.004147
0.992393 0.007606
0.995993 0.004007
0.000030 0.999970
0.000514 0.999486
0.000016 0.999984
0.014010 0.985990
0.143902 0.856098
0.006234 0.993766
0.000433 0.999567
0.994758 0.005242
0.973350 0.026650
0.995958 0.004042
0.000018 0.999982
0.000284 0.999716
0.996031 0.003969
0.000031 0.999969
0.000611 0.999389
0.996084 0.003916
0.996413 0.003587
0.995624 0.004376
0.000147 0.999853
0.995684 0.004316
0.995986 0.004014
0.006950 0.993050
0.000019 0.999981
0.995954 0.004046
0.996280 0.003720
0.002334 0.997666
0.002054 0.997946
0.995927 0.004073
0.995989 0.004011
0.897560 0.102440
0.000506 0.999494
0.989889 0.010111
0.993764 0.006236
0.995988 0.004012
0.995318 0.004682
0.995955 0.004046
0.996612 0.003388
0.009933 0.990067
0.000021 0.999979
0.995565 0.004435
0.995987 0.004013
0.995807 0.004193
0.996722 0.003278
0.996339 0.003661
0.046350 0.953650
0.000904 0.999097
0.996201 0.003799
0.001576 0.998424
0.000180 0.999820
0.000208 0.999792
0.000849 0.999151
0.000019 0.999981
0.001071 0.998929
0.000017 0.999983
0.996164 0.003836
0.996577 0.003423
0.995986 0.004014
0.991714 0.008286
0.000036 0.999964
0.000438 0.999562
0.955853 0.044147
0.995856 0.004144
0.000388 0.999613
0.995211 0.004789
0.000162 0.999838
0.000242 0.999758
0.992894 0.007106
0.995537 0.004463
0.006302 0.993698
0.995972 0.004028
0.001886 0.998114
0.093215 0.906785
0.000054 0.999946
0.000034 0.999966
0.000048 0.999952
0.000016 0.999984
0.026533 0.973467
0.995976 0.004024
0.996025 0.003975
0.996497 0.003503
0.995990 0.004010
0.000030 0.999970
0.995837 0.004163
0.995821 0.004179
0.012602 0.987398
0.004590 0.995410
0.995985 0.004015
0.995894 0.004106
0.995530 0.004470
0.000020 0.999980
0.995996 0.004004
0.000323 0.999677
0.994280 0.005719
0.000018 0.999982
0.995986 0.004014
0.048892 0.951108
0.995702 0.004298
0.000102 0.999898
0.000046 0.999954
0.008318 0.991682
0.001483 0.998517
0.008651 0.991349
0.995948 0.004051
0.995988 0.004012
0.000017 0.999983
0.996584 0.003417
0.996212 0.003788
0.996082 0.003918
0.993437 0.006563
0.995054 0.004946
0.000059 0.999941
0.996010 0.003990
0.000032 0.999968
0.995852 0.004148
0.996122 0.003878
0.000096 0.999904
0.000016 0.999984
0.995807 0.004193
0.996015 0.003985
0.000101 0.999899
0.000016 0.999984
0.001588 0.998412
0.016573 0.983427
0.000021 0.999979
0.996530 0.003470
0.000217 0.999783
0.995829 0.004171
0.000124 0.999876
0.993281 0.006719
0.010184 0.989816
0.995801 0.004199
0.996150 0.003850
0.034000 0.966000
0.000016 0.999984
0.000157 0.999843
0.996298 0.003702
0.000417 0.999583
0.002726 0.997274
0.000023 0.999977
0.996744 0.003256
0.851383 0.148617
0.000019 0.999981
0.151791 0.848209
0.000058 0.999942
0.004851 0.995149
0.008816 0.991184
0.970182 0.029818
0.995231 0.004769
0.290157 0.709843
0.991100 0.008900
0.994291 0.005709
0.995897 0.004103
0.000190 0.999810
0.994749 0.005251
0.996369 0.003631
0.988438 0.011562
0.000103 0.999897
0.000020 0.999980
0.000213 0.999787
0.771122 0.228878
0.000391 0.999609
0.000194 0.999806
0.000091 0.999909
0.995697 0.004303
0.995627 0.004373
0.001057 0.998943
0.996298 0.003703
0.995954 0.004046
0.996461 0.003539
0.995946 0.004054
0.000016 0.999984
0.000083 0.999917
0.000021 0.999979
0.000046 0.999954
0.000022 0.999978
0.870058 0.129942
0.001248 0.998752
0.995661 0.004339
0.000612 0.999388
0.995955 0.004045
0.995969 0.004031
0.000131 0.999869
0.000071 0.999929
0.002327 0.997673
0.996683 0.003317
0.995775 0.004225
0.990685 0.009315
0.996014 0.003985
0.996010 0.003990
0.993525 0.006475
0.995996 0.004004
0.000017 0.999983
0.995797 0.004204
0.000020 0.999980
0.000053 0.999948
0.000093 0.999907
0.995491 0.004509
0.995620 0.004380
0.995402 0.004598
0.000181 0.999820
0.995985 0.004015
0.995714 0.004286
0.003856 0.996144
0.000161 0.999839
0.991942 0.008058
0.000137 0.999863
0.000199 0.999801
0.004198 0.995802
0.994672 0.005328
0.000064 0.999936
0.994854 0.005146
0.994795 0.005205
0.995972 0.004028
0.994653 0.005347
0.996525 0.003475
0.000323 0.999677
0.991180 0.008820
0.000683 0.999317
0.993698 0.006302
0.000048 0.999952
0.000019 0.999982
0.000961 0.999039
0.996675 0.003325
0.000041 0.999959
0.000121 0.999879
0.996530 0.003470
0.000031 0.999969
0.996218 0.003782
0.996526 0.003474
0.995699 0.004301
0.000153 0.999847
0.995866 0.004134
0.996458 0.003542
0.002001 0.997999
0.000811 0.999189
0.996404 0.003596
0.000029 0.999971
0.995969 0.004031
0.003034 0.996966
0.994515 0.005485
0.000251 0.999749
0.005559 0.994441
0.005019 0.994981
0.996126 0.003874
0.990707 0.009293
0.034657 0.965343
0.890370 0.109630
0.980688 0.019312
0.995567 0.004433
0.000958 0.999041
0.996719 0.003281
0.995755 0.004245
0.031384 0.968616
0.995959 0.004041
0.000018 0.999982
0.000251 0.999749
0.001259 0.998741
0.000964 0.999036
0.000077 0.999923
0.161232 0.838768
0.000034 0.999966
0.000389 0.999611
0.000156 0.999844
0.996092 0.003908
0.000375 0.999625
0.000019 0.999981
0.000043 0.999957
0.001593 0.998407
0.995971 0.004029
0.000809 0.999191
0.996091 0.003909
0.995987 0.004013
0.995527 0.004473
0.113193 0.886807
0.002824 0.997176
